60

C      -2.591972804      1.614686550     -1.590492332     -0.174348000      0.000000000
C      -1.831380433      1.310938672     -0.452971645     -0.118575000      0.000000000
C      -1.455350617     -0.014950913     -0.202468176     -0.397868000      0.000000000
C      -1.813681099     -1.009954838     -1.083230179     -0.175842000      0.000000000
C      -2.536831373     -0.702049003     -2.236753170     -0.077948000      0.000000000
C      -2.920767629      0.620182703     -2.480871274     -0.050098000      0.000000000
N      -1.635298501      2.313614932      0.473995573     -0.404555000      0.000000000
N      -0.625686299      2.527443738      1.132780020     -0.412565000      0.000000000
C       0.638737647      2.016735039      0.914476428     -0.099051000      0.000000000
C       1.427207525      1.732731802      2.037867104     -0.222782000      0.000000000
C       2.744570004      1.365114247      1.883699727     -0.066295000      0.000000000
C       3.315512588      1.314529513      0.610119332     -0.119490000      0.000000000
C       2.539755927      1.625803172     -0.506660346     -0.119473000      0.000000000
C       1.212399152      1.962618257     -0.363623474     -0.297687000      0.000000000
C       4.735399346      0.959221804      0.412774498      0.028603000      0.000000000
O       5.304807518      1.019349912     -0.656941551     -0.250734000      0.000000000
C      -2.923404683     -1.743119377     -3.206536790     -0.007375000      0.000000000
O      -3.542039245     -1.528316576     -4.228898301      1.582311000      0.000000000
O      -2.532092597     -2.973012804     -2.864633085      0.247811000      0.000000000
O       5.359965271      0.602620031      1.532295281      0.125847000      0.000000000
C       4.994486669     -2.034458233     -2.027392749     -0.395880000      0.000000000
C       3.779136845     -2.340747169     -1.164586225     -0.179829000      0.000000000
O       3.993719429     -1.810803728      0.132898077     -0.105543000      0.000000000
C       3.170050914     -2.354547286      1.143490546     -0.159317000      0.000000000
C       1.681921198     -2.057068058      0.974560955     -0.455964000      0.000000000
H       3.349939171      1.128164866      2.743834100      0.098546000      0.000000000
H      -1.532210712     -2.032735668     -0.890200325      0.075339000      0.000000000
H       0.973350062      1.780701611      3.014937048      0.087855000      0.000000000
H       0.615280785      2.220748432     -1.226300753      0.070813000      0.000000000
H      -2.884176493      2.638183322     -1.765287083      0.108085000      0.000000000
H      -0.921532901     -0.251198754      0.704702630      0.046821000      0.000000000
H       2.999070911      1.588058542     -1.482702050      0.086609000      0.000000000
H      -3.489470406      0.836160627     -3.372607199      0.118796000      0.000000000
H       6.288116764      0.373090642      1.353103312      0.153295000      0.000000000
H      -2.809938859     -3.624260974     -3.532747049      0.185022000      0.000000000
H       5.866703545     -2.559684762     -1.647130360      0.174899000      0.000000000
H       4.807406825     -2.345086783     -3.051325160      0.174384000      0.000000000
H       5.196430669     -0.966963077     -2.005226555      0.118986000      0.000000000
H       2.880634839     -1.889064655     -1.609649330      0.047790000      0.000000000
H       3.623591695     -3.428554791     -1.096943594      0.132770000      0.000000000
H       3.325038841     -3.444185861      1.198607566      0.145268000      0.000000000
H       3.539098374     -1.899179139      2.065887589      0.108377000      0.000000000
H       1.533775414     -0.990264734      0.828073449      0.086514000      0.000000000
H       1.272919074     -2.588410247      0.118832239      0.134686000      0.000000000
H       1.150064855     -2.372394485      1.867772735      0.161976000      0.000000000
C      -5.149927916     -1.163948158      0.769231111     -0.420836000      0.000000000
C      -4.218635795     -1.192529536      1.980487860     -0.164143000      0.000000000
O      -3.397848771     -0.044529674      2.093908874     -0.200482000      0.000000000
C      -4.030528661      1.129358646      2.579056503     -0.176913000      0.000000000
C      -4.216385861      1.135730991      4.095717652     -0.396562000      0.000000000
H      -5.648239269     -2.124708601      0.675222049      0.191376000      0.000000000
H      -5.907198545     -0.390619967      0.871415348      0.164160000      0.000000000
H      -4.575654286     -0.969684011     -0.133405599      0.080101000      0.000000000
H      -3.513561392     -2.022357636      1.879482561      0.089164000      0.000000000
H      -4.802171070     -1.344210143      2.897634051      0.146584000      0.000000000
H      -3.360452549      1.941191589      2.283209606      0.079913000      0.000000000
H      -4.995449713      1.280637708      2.080426086      0.120563000      0.000000000
H      -4.592247867      2.106199179      4.406628995      0.186665000      0.000000000
H      -4.925339654      0.372993095      4.410105789      0.163715000      0.000000000
H      -3.264276907      0.949579913      4.586111062      0.126508000      0.000000000
-81 -22.874033000
-80 -21.624450000
-79 -20.891770000
-78 -20.386046000
-77 -18.246501000
-76 -17.989673000
-75 -17.154709000
-74 -16.868964000
-73 -16.528529000
-72 -15.357065000
-71 -14.314849000
-70 -13.938842000
-69 -13.570627000
-68 -13.424446000
-67 -13.343887000
-66 -13.281986000
-65 -13.143311000
-64 -12.855992000
-63 -12.750429000
-62 -12.540186000
-61 -12.014081000
-60 -11.652235000
-59 -11.551315000
-58 -11.330088000
-57 -11.269466000
-56 -11.165945000
-55 -11.110647000
-54 -10.815054000
-53 -10.609015000
-52 -10.601881000
-51 -10.574001000
-50 -10.486712000
-49 -10.415100000
-48 -10.338112000
-47 -10.306620000
-46 -10.262689000
-45 -10.120539000
-44 -10.082849000
-43 -9.925425000
-42 -9.913631000
-41 -9.829616000
-40 -9.685650000
-39 -9.560722000
-38 -9.493607000
-37 -9.272367000
-36 -9.142252000
-35 -9.107079000
-34 -9.088973000
-33 -9.070879000
-32 -9.022567000
-31 -8.966109000
-30 -8.745414000
-29 -8.670820000
-28 -8.564641000
-27 -8.540783000
-26 -8.504448000
-25 -8.422385000
-24 -8.209547000
-23 -8.166453000
-22 -8.117187000
-21 -8.040291000
-20 -8.009456000
-19 -7.991360000
-18 -7.902240000
-17 -7.815551000
-16 -7.661565000
-15 -7.601330000
-14 -7.549504000
-13 -7.411448000
-12 -7.116086000
-11 -7.046440000
-10 -6.971467000
-9 -6.863149000
-8 -6.796536000
-7 -6.634821000
-6 -6.539931000
-5 -6.518895000
-4 -6.496921000
-3 -6.453532000
-2 -6.328649000
-1 -6.325223000
0 -6.237873000
0 -5.942247000
1 -5.777466000
2 -5.623684000
3 -5.583730000
4 -5.459460000
5 -4.851623000
6 -4.704370000
7 -4.397656000
8 -4.369213000
9 -4.282822000
10 -4.212433000
11 -3.821036000
12 -3.574993000
13 -3.378155000
14 -3.318359000
15 -3.076801000
16 -3.016213000
17 -2.952726000
18 -2.875733000
19 -2.854934000
20 -2.815992000
21 -2.752749000
22 -2.689872000
23 -2.687346000
24 -2.679384000
25 -2.565013000
26 -2.506132000
27 -2.490226000
28 -2.405714000
29 -2.392710000
30 -2.310819000
31 -2.284206000
32 -2.235772000
33 -2.207707000
34 -2.187014000
35 -2.161944000
36 -2.138850000
37 -2.108907000
38 -2.066920000
39 -2.057494000
40 -2.023620000
41 -2.008949000
42 -1.976371000
43 -1.944521000
44 -1.924809000
45 -1.837786000
46 -1.818168000
47 -1.783257000
48 -1.767108000
49 -1.728724000
50 -1.662492000
51 -1.581577000
52 -1.504456000
53 -1.475379000
54 -1.435169000
55 -1.412872000
56 -1.275773000
57 -1.210628000
58 -1.208327000
59 -1.048601000
60 -1.034974000
61 -0.982063000
62 -0.957061000
63 -0.911403000
64 -0.858534000
65 -0.827087000
66 -0.812449000
67 -0.676592000
    82 alpha electrons       82 beta electrons
-458.53681796
Molecular Orbital Coefficients:
                          73        74        75        76        77     
                           O         O         O         O         O     
     Eigenvalues --    -6.86315  -6.79654  -6.63482  -6.53993  -6.51890  
   1   1 C  1S         -0.00729   0.00066   0.00022  -0.00546  -0.00104  
   2        1PZ         0.01465   0.00207   0.00065   0.00616  -0.01269  
   3        1PX         0.00387  -0.00060  -0.00086   0.00481   0.01794  
   4        1PY         0.01034  -0.00044  -0.00004  -0.00097   0.00464  
   5   2 C  1S         -0.00297   0.00043   0.00019  -0.00098  -0.00327  
   6        1PZ        -0.00338  -0.00023   0.00023  -0.00709   0.00648  
   7        1PX        -0.00275   0.00026   0.00025  -0.00615  -0.01890  
   8        1PY         0.00466   0.00097   0.00020   0.00498  -0.00880  
   9   3 C  1S         -0.00498  -0.00040  -0.00122  -0.00242   0.00032  
  10        1PZ         0.01246   0.00140  -0.00238   0.00615  -0.01291  
  11        1PX         0.00532  -0.00123  -0.00115   0.00493   0.02328  
  12        1PY         0.00806  -0.00149   0.00023   0.00539   0.00415  
  13   4 C  1S         -0.01877   0.00004   0.00084   0.00103  -0.00023  
  14        1PZ        -0.00598  -0.00052   0.00068  -0.02016   0.00087  
  15        1PX        -0.00669   0.00068   0.00051  -0.01462  -0.00294  
  16        1PY         0.02655   0.00007  -0.00222   0.01384  -0.00136  
  17   5 C  1S         -0.05680  -0.00005  -0.00012  -0.02894   0.00006  
  18        1PZ         0.06910  -0.00051  -0.00081   0.04342   0.01347  
  19        1PX         0.02837   0.00169   0.00078   0.01806  -0.02322  
  20        1PY         0.08164   0.00005   0.00047   0.03441  -0.00356  
  21   6 C  1S         -0.00405   0.00005   0.00012   0.00111  -0.00033  
  22        1PZ        -0.01000   0.00020   0.00005  -0.02527  -0.00660  
  23        1PX        -0.00584  -0.00079   0.00020  -0.01860   0.01059  
  24        1PY        -0.00021  -0.00005  -0.00034   0.02116   0.00099  
  25   7 N  1S         -0.00386  -0.00385  -0.00125   0.00467   0.01816  
  26        1PZ         0.00158   0.00186   0.00027  -0.00101   0.03002  
  27        1PX         0.00337   0.00752   0.00273  -0.00855  -0.04374  
  28        1PY         0.00228  -0.00928  -0.00394   0.01390   0.01081  
  29   8 N  1S         -0.00052  -0.00120   0.00155  -0.00594  -0.02803  
  30        1PZ         0.00131   0.00105   0.00150  -0.00577  -0.06362  
  31        1PX        -0.00170  -0.00337   0.00025  -0.00143   0.00787  
  32        1PY        -0.00451   0.00377   0.00277  -0.01821  -0.02104  
  33   9 C  1S         -0.00000  -0.00372   0.00038   0.00081   0.00068  
  34        1PZ        -0.00014   0.00354   0.00051   0.00016  -0.00472  
  35        1PX        -0.00002   0.00357   0.00186  -0.00255  -0.00546  
  36        1PY         0.00018   0.00924   0.00245  -0.00357   0.00443  
  37  10 C  1S         -0.00017  -0.00293   0.00024   0.00040  -0.00216  
  38        1PZ         0.00025   0.00198  -0.00076   0.00000   0.00232  
  39        1PX         0.00101  -0.01028   0.00236   0.00207  -0.02313  
  40        1PY         0.00243   0.00073   0.00180   0.00781   0.01615  
  41  11 C  1S          0.00002  -0.01927   0.00088   0.00007  -0.00727  
  42        1PZ         0.00003  -0.00047   0.00490   0.00045  -0.02948  
  43        1PX        -0.00006  -0.01851   0.00038   0.00004  -0.00016  
  44        1PY        -0.00013  -0.00390  -0.00207   0.00148  -0.00311  
  45  12 C  1S          0.00009  -0.03749   0.00791   0.00016  -0.06179  
  46        1PZ        -0.00029  -0.00372  -0.00310  -0.00103   0.02066  
  47        1PX        -0.00064  -0.06974   0.01322  -0.00187  -0.12685  
  48        1PY        -0.00276   0.02133  -0.00531  -0.00877   0.02742  
  49  13 C  1S         -0.00003  -0.00392   0.00128   0.00004  -0.00319  
  50        1PZ         0.00000   0.01671  -0.00142   0.00006  -0.02891  
  51        1PX        -0.00020   0.00300   0.00014  -0.00054   0.00110  
  52        1PY        -0.00070  -0.01180  -0.00095  -0.00056  -0.00526  
  53  14 C  1S          0.00027  -0.00422   0.00104   0.00005  -0.01017  
  54        1PZ        -0.00009  -0.00166  -0.00104   0.00027   0.00196  
  55        1PX         0.00038  -0.01282   0.00072   0.00239  -0.01316  
  56        1PY         0.00279   0.00224  -0.00459   0.00842   0.00861  
  57  15 C  1S          0.00003  -0.02740   0.00095   0.00001  -0.00554  
  58        1PZ         0.00008   0.04573   0.01158   0.00047  -0.09359  
  59        1PX         0.00024  -0.01467   0.00202   0.00014   0.05180  
  60        1PY         0.00081   0.02289   0.01408   0.00122   0.00507  
  61  16 O  1S         -0.00064   0.65971   0.00134   0.00187  -0.36196  
  62        1PZ         0.00089  -0.48359  -0.01707  -0.00033   0.33669  
  63        1PX         0.00046   0.03902   0.05210   0.00251  -0.36414  
  64        1PY         0.00151   0.06369  -0.01405   0.00416   0.11518  
  65  17 C  1S         -0.02570  -0.00008  -0.00020   0.01106  -0.00013  
  66        1PZ        -0.02110   0.00016  -0.00018  -0.09361  -0.00050  
  67        1PX        -0.01653  -0.00036  -0.00019  -0.05869   0.00024  
  68        1PY         0.01897  -0.00008  -0.00024   0.02662  -0.00008  
  69  18 O  1S          0.40343   0.00076  -0.00017  -0.65524  -0.00066  
  70        1PZ        -0.08094   0.00009   0.00008   0.52092   0.00236  
  71        1PX        -0.08151  -0.00086  -0.00009   0.31941  -0.00280  
  72        1PY         0.19112   0.00016  -0.00054  -0.13451  -0.00120  
  73  19 O  1S          0.51582   0.00048  -0.00007   0.20688   0.00024  
  74        1PZ         0.60946   0.00108   0.00058   0.28712  -0.01660  
  75        1PX         0.34747  -0.00058  -0.00081   0.17038   0.03049  
  76        1PY         0.02318  -0.00019  -0.00026  -0.02935   0.00467  
  77  20 O  1S         -0.00046   0.35702  -0.07526  -0.00106   0.44409  
  78        1PZ        -0.00013   0.30103  -0.05381  -0.00024   0.42373  
  79        1PX         0.00077  -0.28555   0.07763   0.00204  -0.38754  
  80        1PY         0.00121   0.03332   0.04950   0.00373  -0.07730  
  81  21 C  1S          0.00003  -0.00827   0.01237   0.00004   0.01021  
  82        1PZ         0.00004   0.00204  -0.00341   0.00002   0.00369  
  83        1PX         0.00002  -0.00484  -0.10961   0.00006  -0.00307  
  84        1PY         0.00038  -0.05858   0.12543   0.00026   0.06579  
  85  22 C  1S          0.00002  -0.00198   0.00260   0.00002  -0.00078  
  86        1PZ         0.00000  -0.00960   0.03474   0.00004   0.00366  
  87        1PX        -0.00003   0.00435   0.12370  -0.00003   0.01253  
  88        1PY        -0.00017   0.00689  -0.20501  -0.00002  -0.03906  
  89  23 O  1S          0.00014   0.01656  -0.03258   0.00002   0.00725  
  90        1PZ         0.00013  -0.01446  -0.16617   0.00016  -0.00664  
  91        1PX        -0.00003  -0.03837  -0.56834   0.00020  -0.04924  
  92        1PY         0.00010   0.05537   0.64264  -0.00043   0.08775  
  93  24 C  1S          0.00008   0.00050   0.00593   0.00006  -0.00299  
  94        1PZ        -0.00000  -0.00264   0.02041   0.00004  -0.00489  
  95        1PX        -0.00018   0.00028   0.02459  -0.00011  -0.00303  
  96        1PY         0.00007  -0.01991  -0.09660   0.00015  -0.01504  
  97  25 C  1S         -0.00064  -0.00288  -0.04382  -0.00067  -0.00376  
  98        1PZ         0.00043  -0.00061  -0.02631   0.00046  -0.00112  
  99        1PX         0.00076  -0.00892  -0.13328   0.00078  -0.01285  
 100        1PY        -0.00049   0.00864   0.04819  -0.00064   0.00875  
 101  26 H  1S         -0.00002   0.00687  -0.00175   0.00005   0.01940  
 102  27 H  1S          0.01372  -0.00027   0.00071   0.00992   0.00008  
 103  28 H  1S         -0.00008   0.00195  -0.00128  -0.00021   0.00840  
 104  29 H  1S          0.00010   0.00480  -0.00021  -0.00006  -0.00592  
 105  30 H  1S         -0.00137  -0.00009   0.00016  -0.00831   0.00117  
 106  31 H  1S          0.00665  -0.00002  -0.00007   0.00669   0.00073  
 107  32 H  1S         -0.00014   0.01302  -0.00111  -0.00023   0.02034  
 108  33 H  1S          0.02261   0.00032  -0.00008   0.01128  -0.00034  
 109  34 H  1S          0.00010  -0.04908   0.01380   0.00033  -0.09137  
 110  35 H  1S         -0.09281  -0.00007  -0.00002  -0.05393  -0.00013  
 111  36 H  1S         -0.00007   0.00798  -0.09295  -0.00001  -0.01463  
 112  37 H  1S         -0.00007   0.00235  -0.00402  -0.00002  -0.00542  
 113  38 H  1S          0.00015  -0.01347   0.08636   0.00006   0.02169  
 114  39 H  1S         -0.00004  -0.00251  -0.18900   0.00007  -0.02553  
 115  40 H  1S          0.00013  -0.00487   0.16183  -0.00001   0.03054  
 116  41 H  1S         -0.00002   0.01486   0.12526  -0.00013   0.01485  
 117  42 H  1S         -0.00001  -0.00262   0.00445   0.00001  -0.00269  
 118  43 H  1S         -0.00022   0.00350   0.01433  -0.00018   0.00262  
 119  44 H  1S         -0.00020  -0.00402  -0.02030  -0.00013  -0.00365  
 120  45 H  1S         -0.00019  -0.00135  -0.01588  -0.00018  -0.00119  
 121  46 C  1S          0.00090   0.00008  -0.00001   0.00027  -0.00033  
 122        1PZ        -0.00505   0.00012   0.00002  -0.00111  -0.00000  
 123        1PX         0.00362  -0.00000  -0.00004   0.00077  -0.00034  
 124        1PY         0.00009  -0.00004   0.00003  -0.00005   0.00039  
 125  47 C  1S          0.00010   0.00004   0.00003  -0.00013  -0.00013  
 126        1PZ         0.00240  -0.00020  -0.00001   0.00046   0.00038  
 127        1PX        -0.00208   0.00021   0.00009  -0.00068  -0.00044  
 128        1PY         0.00091   0.00023  -0.00005   0.00051  -0.00151  
 129  48 O  1S          0.00026  -0.00046  -0.00002  -0.00029   0.00181  
 130        1PZ        -0.00290   0.00074  -0.00010  -0.00005  -0.00282  
 131        1PX         0.00095  -0.00036  -0.00006   0.00012   0.00115  
 132        1PY         0.00087  -0.00032   0.00000   0.00015   0.00117  
 133  49 C  1S         -0.00006   0.00017   0.00006  -0.00016  -0.00114  
 134        1PZ         0.00034  -0.00024  -0.00003   0.00009   0.00136  
 135        1PX        -0.00033   0.00073   0.00018  -0.00052  -0.00344  
 136        1PY         0.00052   0.00052   0.00017  -0.00043  -0.00302  
 137  50 C  1S         -0.00005  -0.00005   0.00001  -0.00003   0.00025  
 138        1PZ        -0.00057   0.00012  -0.00003   0.00004  -0.00039  
 139        1PX         0.00077  -0.00052  -0.00007   0.00027   0.00173  
 140        1PY         0.00048  -0.00036  -0.00010   0.00036   0.00154  
 141  51 H  1S         -0.00013   0.00008  -0.00001   0.00006  -0.00040  
 142  52 H  1S         -0.00115   0.00003   0.00003  -0.00022   0.00012  
 143  53 H  1S          0.00141  -0.00008  -0.00003   0.00016   0.00018  
 144  54 H  1S         -0.00132   0.00000   0.00001  -0.00031   0.00023  
 145  55 H  1S          0.00221  -0.00016   0.00001   0.00034   0.00033  
 146  56 H  1S         -0.00035   0.00033   0.00004  -0.00012  -0.00118  
 147  57 H  1S         -0.00007  -0.00015  -0.00004   0.00005   0.00035  
 148  58 H  1S         -0.00009  -0.00009  -0.00004   0.00012   0.00056  
 149  59 H  1S         -0.00036   0.00036   0.00008  -0.00026  -0.00140  
 150  60 H  1S          0.00020  -0.00026  -0.00005   0.00013   0.00093  
                          78        79        80        81        82     
                           O         O         O         O         O     
     Eigenvalues --    -6.49692  -6.45353  -6.32865  -6.32522  -6.23787  
   1   1 C  1S          0.01951  -0.01081  -0.03315   0.00250  -0.00047  
   2        1PZ         0.11174  -0.02935   0.01576  -0.00166  -0.00066  
   3        1PX        -0.11851   0.01112  -0.15327   0.01234  -0.00023  
   4        1PY        -0.03485   0.00634  -0.02487   0.00209  -0.00005  
   5   2 C  1S          0.03354  -0.01141  -0.00221  -0.00004  -0.00030  
   6        1PZ        -0.05008   0.00015  -0.07104   0.00596   0.00009  
   7        1PX         0.14717  -0.01727   0.16192  -0.01378  -0.00048  
   8        1PY         0.08210  -0.02366   0.01538  -0.00171  -0.00070  
   9   3 C  1S         -0.00777   0.00480   0.01853  -0.00153   0.00039  
  10        1PZ         0.09666  -0.03874   0.06827  -0.00616   0.00041  
  11        1PX        -0.16315   0.05981  -0.17077   0.01429   0.00042  
  12        1PY        -0.04553   0.02269   0.03312  -0.00237   0.00017  
  13   4 C  1S          0.00294  -0.00058   0.00241  -0.00011  -0.00006  
  14        1PZ        -0.00455   0.02427   0.00581  -0.00025  -0.00013  
  15        1PX         0.01767  -0.04292   0.00581  -0.00073  -0.00004  
  16        1PY         0.00997  -0.01020  -0.00336  -0.00008   0.00002  
  17   5 C  1S         -0.00156   0.00050   0.00040  -0.00003   0.00006  
  18        1PZ        -0.09467   0.01492  -0.10644   0.00874   0.00015  
  19        1PX         0.17463  -0.03231   0.15310  -0.01279  -0.00024  
  20        1PY         0.02377  -0.00170   0.03855  -0.00310   0.00002  
  21   6 C  1S          0.00364  -0.00103  -0.00088   0.00006  -0.00005  
  22        1PZ         0.05033  -0.00495   0.05197  -0.00451  -0.00011  
  23        1PX        -0.08594   0.00847  -0.07298   0.00647   0.00010  
  24        1PY        -0.00579  -0.00196  -0.01529   0.00124  -0.00009  
  25   7 N  1S         -0.18394   0.08087   0.08518  -0.00575   0.00281  
  26        1PZ        -0.17068   0.03794  -0.32633   0.02648   0.00085  
  27        1PX         0.38705  -0.15790  -0.02867   0.00062  -0.00345  
  28        1PY        -0.22777   0.13070   0.45292  -0.03443   0.00516  
  29   8 N  1S          0.21640  -0.08242  -0.01054  -0.00005  -0.00760  
  30        1PZ         0.49332  -0.14657   0.32606  -0.02854  -0.00677  
  31        1PX        -0.08722   0.02134  -0.11289   0.00979  -0.00367  
  32        1PY         0.28182  -0.14815  -0.40655   0.03034  -0.00746  
  33   9 C  1S         -0.02933   0.01187   0.00919   0.00002  -0.00068  
  34        1PZ        -0.03239   0.00823  -0.03048   0.00399   0.00847  
  35        1PX         0.06396  -0.03098  -0.06790   0.00574   0.00204  
  36        1PY         0.05002  -0.03348  -0.16921   0.01297   0.00254  
  37  10 C  1S         -0.03566   0.01078  -0.01933   0.00219  -0.00946  
  38        1PZ         0.03886  -0.00905   0.04353  -0.00461  -0.00585  
  39        1PX         0.01144   0.00500   0.09048  -0.00359  -0.01892  
  40        1PY        -0.10745   0.05990   0.19200  -0.00787   0.01414  
  41  11 C  1S         -0.00372   0.00114  -0.00009   0.00308   0.01311  
  42        1PZ        -0.01606   0.00478   0.00310   0.00603   0.02873  
  43        1PX        -0.00167   0.00054   0.00601   0.00148   0.02693  
  44        1PY        -0.03258   0.01621   0.05475  -0.00922  -0.01952  
  45  12 C  1S         -0.00654  -0.00002  -0.00281   0.00733  -0.06606  
  46        1PZ         0.02892  -0.01018  -0.00726  -0.00159   0.02155  
  47        1PX         0.01473  -0.01598  -0.06342   0.01758  -0.13387  
  48        1PY         0.11116  -0.06458  -0.23919   0.01580   0.03415  
  49  13 C  1S         -0.00115   0.00071   0.00262   0.00100  -0.01474  
  50        1PZ        -0.00880   0.00082  -0.00862   0.00264   0.01581  
  51        1PX         0.01363  -0.00529  -0.00153   0.00227  -0.00594  
  52        1PY         0.01407  -0.00243   0.02732   0.00204  -0.00245  
  53  14 C  1S          0.01332  -0.00426   0.01404  -0.00046  -0.00745  
  54        1PZ         0.03734  -0.00494   0.06859  -0.00679  -0.00038  
  55        1PX        -0.04995   0.02345   0.04477  -0.00369  -0.02020  
  56        1PY        -0.10836   0.06159   0.20921  -0.02336   0.00265  
  57  15 C  1S         -0.00123   0.00024  -0.00052   0.00032  -0.00496  
  58        1PZ        -0.01222   0.00132  -0.00082   0.00822   0.02518  
  59        1PX         0.00336   0.00108   0.00531  -0.00097   0.04584  
  60        1PY        -0.01321   0.00681   0.01373   0.01062  -0.01850  
  61  16 O  1S         -0.04791   0.00587   0.00852   0.07679  -0.05892  
  62        1PZ         0.02566   0.00498   0.03673   0.06244  -0.38909  
  63        1PX        -0.06208   0.01282   0.03472   0.19904  -0.74356  
  64        1PY        -0.04042   0.03139   0.16939   0.54661   0.27076  
  65  17 C  1S          0.00103  -0.00045   0.00069  -0.00008  -0.00001  
  66        1PZ        -0.00517  -0.03848   0.00890  -0.00074  -0.00001  
  67        1PX         0.00630   0.06815  -0.00960   0.00076  -0.00001  
  68        1PY         0.00294   0.01047  -0.00176   0.00011  -0.00001  
  69  18 O  1S         -0.01427   0.00738   0.00871  -0.00064   0.00002  
  70        1PZ        -0.03640  -0.29330   0.06974  -0.00582  -0.00012  
  71        1PX         0.09270   0.49986  -0.14774   0.01209   0.00017  
  72        1PY         0.01587   0.08017  -0.02217   0.00169  -0.00006  
  73  19 O  1S          0.00563   0.00100  -0.00560   0.00043   0.00003  
  74        1PZ         0.17825   0.35475  -0.01101   0.00081   0.00003  
  75        1PX        -0.29926  -0.62093  -0.00027   0.00021   0.00007  
  76        1PY        -0.04903  -0.09885   0.00430  -0.00034  -0.00000  
  77  20 O  1S          0.04329   0.00015   0.00963  -0.08041  -0.02374  
  78        1PZ         0.03022   0.00645   0.02150  -0.18420  -0.42355  
  79        1PX        -0.05122   0.00798   0.00284  -0.16804   0.06167  
  80        1PY        -0.05566   0.02697   0.02835  -0.75674   0.05101  
  81  21 C  1S          0.00004   0.00052   0.00281   0.00883   0.00010  
  82        1PZ         0.00016   0.00006   0.00028   0.00336   0.00137  
  83        1PX        -0.00055   0.00034   0.00169   0.00323   0.00146  
  84        1PY         0.00056   0.00301   0.01516   0.04712  -0.00234  
  85  22 C  1S         -0.00028   0.00008  -0.00019   0.00058  -0.00037  
  86        1PZ        -0.00034   0.00038   0.00163   0.00126   0.00024  
  87        1PX         0.00081   0.00011   0.00151   0.00233   0.00100  
  88        1PY        -0.00198  -0.00070  -0.00409  -0.01410  -0.00077  
  89  23 O  1S          0.00114  -0.00035  -0.00171  -0.00081   0.00075  
  90        1PZ        -0.00136   0.00052   0.00157   0.00308  -0.00102  
  91        1PX        -0.00469   0.00093   0.00276  -0.00579  -0.00450  
  92        1PY         0.00855  -0.00075   0.00221   0.02218   0.00547  
  93  24 C  1S         -0.00000  -0.00008  -0.00007  -0.00465   0.00096  
  94        1PZ        -0.00050  -0.00002  -0.00193  -0.01300   0.00260  
  95        1PX        -0.00031  -0.00004  -0.00082  -0.00515   0.00084  
  96        1PY        -0.00211   0.00041  -0.00096  -0.00750   0.00013  
  97  25 C  1S          0.00178  -0.00044   0.00186  -0.00104   0.00025  
  98        1PZ        -0.00184   0.00043   0.00091   0.00249  -0.00112  
  99        1PX        -0.00233   0.00027  -0.00142  -0.00283  -0.00081  
 100        1PY         0.00552  -0.00156   0.00511   0.00150   0.00212  
 101  26 H  1S         -0.00818   0.00266  -0.00667  -0.00061   0.02936  
 102  27 H  1S         -0.00347   0.00270   0.01240  -0.00092  -0.00005  
 103  28 H  1S          0.00440  -0.00167  -0.00348  -0.00133  -0.00662  
 104  29 H  1S          0.00328  -0.00216   0.00025   0.00019   0.00482  
 105  30 H  1S         -0.00897   0.00187  -0.00698   0.00061  -0.00005  
 106  31 H  1S         -0.00689   0.00239   0.00377  -0.00032   0.00003  
 107  32 H  1S          0.01406  -0.00288   0.01103  -0.00268   0.02012  
 108  33 H  1S          0.00666  -0.00311  -0.01044   0.00077  -0.00007  
 109  34 H  1S         -0.01019   0.00072  -0.00075   0.00178  -0.00913  
 110  35 H  1S         -0.00073   0.00045   0.00120  -0.00010  -0.00001  
 111  36 H  1S         -0.00053  -0.00034  -0.00164  -0.00473   0.00033  
 112  37 H  1S         -0.00016  -0.00015  -0.00051  -0.00308  -0.00022  
 113  38 H  1S          0.00043   0.00072   0.00313   0.01060   0.00024  
 114  39 H  1S         -0.00180  -0.00015  -0.00175  -0.00814  -0.00048  
 115  40 H  1S          0.00158   0.00054   0.00327   0.01273   0.00039  
 116  41 H  1S          0.00217  -0.00039   0.00108   0.00232   0.00144  
 117  42 H  1S         -0.00021  -0.00008  -0.00156  -0.00153  -0.00037  
 118  43 H  1S          0.00005  -0.00002  -0.00120   0.00168  -0.00052  
 119  44 H  1S         -0.00026  -0.00009  -0.00034  -0.00283   0.00039  
 120  45 H  1S          0.00030  -0.00008   0.00051   0.00111  -0.00035  
 121  46 C  1S          0.00234  -0.00140   0.00128  -0.00011  -0.00000  
 122        1PZ         0.00035   0.00130  -0.00259   0.00021  -0.00000  
 123        1PX         0.00211  -0.00177   0.00249  -0.00021   0.00000  
 124        1PY        -0.00295   0.00095  -0.00145   0.00013   0.00000  
 125  47 C  1S          0.00115  -0.00076  -0.00045   0.00003  -0.00001  
 126        1PZ        -0.00291   0.00096   0.00038  -0.00002   0.00001  
 127        1PX         0.00376  -0.00174  -0.00158   0.00011  -0.00002  
 128        1PY         0.01148  -0.00376   0.00559  -0.00048  -0.00002  
 129  48 O  1S         -0.01374   0.00530  -0.00480   0.00044   0.00002  
 130        1PZ         0.02028  -0.00739   0.00857  -0.00075  -0.00001  
 131        1PX        -0.00915   0.00323  -0.00146   0.00015   0.00003  
 132        1PY        -0.00879   0.00310  -0.00155   0.00015   0.00001  
 133  49 C  1S          0.00940  -0.00355   0.00166  -0.00017  -0.00004  
 134        1PZ        -0.01061   0.00383  -0.00296   0.00027   0.00003  
 135        1PX         0.02762  -0.01018   0.00449  -0.00045  -0.00009  
 136        1PY         0.02453  -0.00877   0.00368  -0.00037  -0.00011  
 137  50 C  1S         -0.00199   0.00070  -0.00086   0.00008   0.00002  
 138        1PZ         0.00231  -0.00074   0.00148  -0.00012   0.00003  
 139        1PX        -0.01418   0.00494  -0.00247   0.00025   0.00010  
 140        1PY        -0.01222   0.00408  -0.00148   0.00015   0.00004  
 141  51 H  1S          0.00300  -0.00102   0.00118  -0.00011  -0.00001  
 142  52 H  1S         -0.00085   0.00025  -0.00097   0.00008   0.00000  
 143  53 H  1S         -0.00144   0.00056  -0.00021   0.00002   0.00001  
 144  54 H  1S         -0.00162   0.00074  -0.00110   0.00009   0.00000  
 145  55 H  1S         -0.00244   0.00057  -0.00032   0.00003   0.00000  
 146  56 H  1S          0.00888  -0.00280   0.00251  -0.00022  -0.00003  
 147  57 H  1S         -0.00295   0.00100   0.00006   0.00000   0.00002  
 148  58 H  1S         -0.00455   0.00151  -0.00052   0.00005   0.00002  
 149  59 H  1S          0.01118  -0.00387   0.00153  -0.00015  -0.00004  
 150  60 H  1S         -0.00743   0.00266  -0.00123   0.00012   0.00003  
                          83        84        85        86        87     
                           V         V         V         V         V     
     Eigenvalues --    -5.94225  -5.77747  -5.62368  -5.58373  -5.45946  
   1   1 C  1S         -0.00766  -0.00586   0.00156   0.00026  -0.01390  
   2        1PZ         0.01552  -0.24120  -0.02476   0.01225  -0.00788  
   3        1PX         0.00077   0.39027   0.03626  -0.01953  -0.03756  
   4        1PY         0.01436   0.07867   0.01311  -0.00400  -0.00200  
   5   2 C  1S         -0.00159   0.00020  -0.01543   0.00011  -0.01433  
   6        1PZ         0.00155   0.00186   0.21012   0.00355   0.05304  
   7        1PX         0.00172  -0.00375  -0.36578  -0.00254  -0.11198  
   8        1PY        -0.00090  -0.00343  -0.07769  -0.00234  -0.04508  
   9   3 C  1S         -0.00869  -0.00304   0.00350   0.00074   0.02027  
  10        1PZ         0.00732   0.22375  -0.10788  -0.01633  -0.01550  
  11        1PX         0.00713  -0.39268   0.17060   0.02712   0.04930  
  12        1PY         0.01742  -0.05765   0.03967   0.00826   0.03075  
  13   4 C  1S          0.01025  -0.00085  -0.00060   0.00028  -0.00087  
  14        1PZ         0.00082  -0.29526  -0.05933   0.01421  -0.02737  
  15        1PX        -0.00239   0.50477   0.09976  -0.02296   0.04088  
  16        1PY        -0.02677   0.08224   0.01480  -0.00314   0.00618  
  17   5 C  1S         -0.07179  -0.00097  -0.00172  -0.00021   0.00002  
  18        1PZ         0.09996   0.10970   0.18629  -0.00098   0.06365  
  19        1PX         0.04351  -0.18969  -0.32480   0.00104  -0.11504  
  20        1PY         0.09995  -0.02923  -0.05517  -0.00006  -0.01604  
  21   6 C  1S         -0.01796  -0.00141   0.00096  -0.00007  -0.00144  
  22        1PZ         0.00815   0.18856  -0.18538  -0.01313  -0.08028  
  23        1PX         0.00722  -0.31912   0.31976   0.02203   0.13561  
  24        1PY         0.00522  -0.06274   0.05997   0.00448   0.02303  
  25   7 N  1S         -0.00215   0.00537  -0.10286  -0.00458   0.04350  
  26        1PZ         0.00492  -0.00890  -0.26047  -0.01761  -0.18871  
  27        1PX        -0.00165  -0.00494   0.27507   0.01133   0.07225  
  28        1PY         0.00381   0.01864   0.01982  -0.00100   0.22457  
  29   8 N  1S         -0.00152  -0.00063   0.10720   0.00944  -0.03874  
  30        1PZ        -0.00327   0.00473   0.19642   0.02678   0.13257  
  31        1PX         0.00090   0.00210  -0.07118  -0.00799  -0.07807  
  32        1PY        -0.00131  -0.01519   0.09720   0.00331  -0.39744  
  33   9 C  1S          0.00051   0.00064   0.00144   0.00073  -0.02643  
  34        1PZ         0.00015  -0.00349  -0.02270  -0.00807   0.01763  
  35        1PX        -0.00112  -0.00138  -0.04897  -0.00056   0.15112  
  36        1PY        -0.00103  -0.00415  -0.20144  -0.00313   0.38799  
  37  10 C  1S          0.00030  -0.00039  -0.01325  -0.00618  -0.00716  
  38        1PZ        -0.00031  -0.00173   0.02035  -0.03192   0.00766  
  39        1PX        -0.00012  -0.00624   0.04409  -0.11968  -0.02092  
  40        1PY         0.00076  -0.02415   0.08384  -0.46056  -0.08454  
  41  11 C  1S          0.00007  -0.00012  -0.00106  -0.00117  -0.00205  
  42        1PZ         0.00014   0.00218   0.00914   0.03800  -0.02969  
  43        1PX         0.00003   0.00742   0.02894   0.13668  -0.07925  
  44        1PY         0.00051   0.02438   0.10070   0.45259  -0.29683  
  45  12 C  1S          0.00003  -0.00019   0.00086  -0.00016  -0.00073  
  46        1PZ        -0.00023   0.00145  -0.01349   0.01679   0.03732  
  47        1PX        -0.00031   0.00220  -0.05398   0.01923   0.11305  
  48        1PY        -0.00105   0.00672  -0.18294   0.07173   0.38512  
  49  13 C  1S          0.00004   0.00013  -0.00042  -0.00113  -0.00203  
  50        1PZ         0.00008  -0.00253   0.00756  -0.04224  -0.01334  
  51        1PX        -0.00010  -0.00881   0.02411  -0.14597  -0.04482  
  52        1PY         0.00024  -0.02978   0.09455  -0.52683  -0.20705  
  53  14 C  1S          0.00009   0.00072   0.01441  -0.00299   0.01652  
  54        1PZ        -0.00039   0.00549   0.00649   0.04445   0.00593  
  55        1PX         0.00018   0.00254   0.00569   0.11791  -0.05998  
  56        1PY         0.00087   0.02005   0.08722   0.46573  -0.13893  
  57  15 C  1S          0.00002   0.00003  -0.00075  -0.00054   0.00038  
  58        1PZ        -0.00002   0.00016  -0.00805   0.00286   0.02406  
  59        1PX        -0.00005   0.00015  -0.00811   0.00489   0.02907  
  60        1PY        -0.00009   0.00092  -0.04269   0.01645   0.13264  
  61  16 O  1S          0.00005  -0.00022   0.00562  -0.00162  -0.01265  
  62        1PZ         0.00008  -0.00044   0.01877  -0.00718  -0.04304  
  63        1PX         0.00015  -0.00094   0.02017  -0.01678  -0.05307  
  64        1PY         0.00062  -0.00302   0.10865  -0.03173  -0.25340  
  65  17 C  1S         -0.01099  -0.00070   0.00004   0.00011  -0.00022  
  66        1PZ        -0.01656   0.02107   0.05942  -0.00013   0.03136  
  67        1PX        -0.00602  -0.03875  -0.10384   0.00050  -0.05542  
  68        1PY        -0.01587  -0.00693  -0.01665   0.00019  -0.00897  
  69  18 O  1S         -0.09101  -0.00029   0.00054   0.00003   0.00027  
  70        1PZ         0.24005  -0.07686  -0.13438   0.00059  -0.05433  
  71        1PX        -0.00655   0.13861   0.23678  -0.00134   0.09481  
  72        1PY         0.88748   0.03115   0.04003  -0.00059   0.01689  
  73  19 O  1S          0.07771   0.00125  -0.00097  -0.00021   0.00011  
  74        1PZ        -0.21149  -0.03463  -0.07740   0.00007  -0.03312  
  75        1PX        -0.15385   0.05686   0.13413  -0.00022   0.05649  
  76        1PY         0.20084   0.01131   0.02120  -0.00011   0.00982  
  77  20 O  1S          0.00001  -0.00022   0.00343  -0.00191  -0.00464  
  78        1PZ         0.00004  -0.00063   0.01827  -0.00824  -0.04051  
  79        1PX         0.00011  -0.00082   0.02096  -0.00963  -0.04960  
  80        1PY         0.00035  -0.00357   0.07838  -0.03964  -0.18251  
  81  21 C  1S          0.00002  -0.00009   0.00169  -0.00105  -0.00362  
  82        1PZ         0.00003  -0.00021  -0.00013  -0.00159   0.00086  
  83        1PX        -0.00002  -0.00014   0.00095  -0.00159  -0.00213  
  84        1PY         0.00007  -0.00019   0.00608  -0.00277  -0.01259  
  85  22 C  1S         -0.00009  -0.00048   0.00067  -0.00186  -0.00198  
  86        1PZ        -0.00008   0.00014   0.00197   0.00383  -0.00535  
  87        1PX         0.00010   0.00082   0.00059   0.00604  -0.00114  
  88        1PY        -0.00007  -0.00034   0.00025  -0.00307  -0.00209  
  89  23 O  1S          0.00018   0.00007  -0.00351  -0.00042   0.01038  
  90        1PZ         0.00007  -0.00024   0.00118  -0.00085  -0.00213  
  91        1PX        -0.00034  -0.00027   0.00167  -0.00552  -0.00659  
  92        1PY         0.00027   0.00123  -0.00335   0.00141   0.00661  
  93  24 C  1S          0.00001   0.00038   0.00046   0.00345  -0.00214  
  94        1PZ        -0.00016  -0.00022  -0.00012   0.00968   0.00196  
  95        1PX         0.00001  -0.00013   0.00136   0.00235  -0.00274  
  96        1PY        -0.00047  -0.00088   0.00153   0.00472  -0.00428  
  97  25 C  1S         -0.00071   0.00087  -0.00197   0.00085  -0.00142  
  98        1PZ         0.00150   0.00111   0.00319  -0.00156  -0.00097  
  99        1PX         0.00084   0.00022   0.00134   0.00110   0.00095  
 100        1PY         0.00122   0.00685  -0.00351   0.00343   0.00032  
 101  26 H  1S          0.00009   0.00022  -0.00076   0.00426  -0.00750  
 102  27 H  1S          0.02389   0.00049   0.00163   0.00059   0.00147  
 103  28 H  1S         -0.00008  -0.00001  -0.00191  -0.00632   0.00615  
 104  29 H  1S         -0.00014   0.00413   0.00337   0.00826   0.00789  
 105  30 H  1S          0.00238   0.00106   0.00384   0.00027   0.00092  
 106  31 H  1S         -0.00301   0.00540   0.00127   0.00332   0.00502  
 107  32 H  1S         -0.00010   0.00021   0.00122  -0.00628  -0.00044  
 108  33 H  1S          0.02076  -0.00233  -0.00157   0.00010  -0.00373  
 109  34 H  1S          0.00001   0.00002   0.00007  -0.00023  -0.00087  
 110  35 H  1S         -0.02327  -0.00063   0.00030   0.00010  -0.00012  
 111  36 H  1S         -0.00001  -0.00017  -0.00009  -0.00161   0.00000  
 112  37 H  1S         -0.00002   0.00010   0.00050   0.00079  -0.00159  
 113  38 H  1S          0.00003   0.00009  -0.00033   0.00092   0.00175  
 114  39 H  1S         -0.00004  -0.00005  -0.00007   0.00054   0.00018  
 115  40 H  1S          0.00002  -0.00001   0.00055  -0.00036  -0.00111  
 116  41 H  1S          0.00034   0.00129  -0.00072   0.00137   0.00052  
 117  42 H  1S         -0.00034  -0.00081  -0.00057  -0.00116   0.00132  
 118  43 H  1S         -0.00012  -0.00194   0.00113  -0.00106   0.00049  
 119  44 H  1S          0.00023   0.00119   0.00038   0.00137   0.00013  
 120  45 H  1S         -0.00018   0.00022  -0.00061  -0.00030  -0.00083  
 121  46 C  1S          0.00096   0.00253  -0.00115  -0.00016  -0.00043  
 122        1PZ        -0.00304  -0.00472   0.00551   0.00038   0.00177  
 123        1PX         0.00203   0.00451  -0.00249  -0.00029  -0.00085  
 124        1PY         0.00032  -0.00092  -0.00006   0.00000  -0.00023  
 125  47 C  1S         -0.00027   0.00210   0.00184  -0.00010   0.00047  
 126        1PZ         0.00077  -0.00134  -0.00160   0.00004  -0.00036  
 127        1PX        -0.00139   0.00288   0.00561  -0.00006   0.00151  
 128        1PY         0.00099   0.00344  -0.00161  -0.00003   0.00026  
 129  48 O  1S          0.00063  -0.01092  -0.00093   0.00032  -0.00120  
 130        1PZ        -0.00050   0.01195   0.00151  -0.00039   0.00116  
 131        1PX         0.00096  -0.00004  -0.00427  -0.00026  -0.00123  
 132        1PY         0.00022  -0.00202  -0.00174   0.00007  -0.00036  
 133  49 C  1S         -0.00013   0.00108   0.00566   0.00016   0.00139  
 134        1PZ         0.00010  -0.00190  -0.00414  -0.00011  -0.00114  
 135        1PX        -0.00019   0.00036   0.01358   0.00043   0.00353  
 136        1PY         0.00056  -0.00757   0.01486   0.00091   0.00321  
 137  50 C  1S         -0.00005  -0.00080   0.00022   0.00002  -0.00003  
 138        1PZ        -0.00004   0.00215  -0.00192  -0.00017  -0.00040  
 139        1PX         0.00022  -0.00079  -0.00324  -0.00012  -0.00095  
 140        1PY        -0.00001   0.00294  -0.00433  -0.00028  -0.00084  
 141  51 H  1S          0.00016   0.00127  -0.00016  -0.00004   0.00005  
 142  52 H  1S         -0.00020  -0.00011   0.00054  -0.00001   0.00001  
 143  53 H  1S         -0.00019  -0.00097   0.00037   0.00007   0.00022  
 144  54 H  1S         -0.00044  -0.00119  -0.00005   0.00007  -0.00000  
 145  55 H  1S          0.00075  -0.00052  -0.00061  -0.00002  -0.00029  
 146  56 H  1S         -0.00007   0.00064  -0.00207  -0.00006  -0.00042  
 147  57 H  1S          0.00004   0.00026   0.00038  -0.00001   0.00019  
 148  58 H  1S         -0.00012   0.00186  -0.00206  -0.00016  -0.00038  
 149  59 H  1S          0.00000  -0.00142   0.00391   0.00020   0.00086  
 150  60 H  1S          0.00007  -0.00053  -0.00208  -0.00004  -0.00053  
                          88        89        90     
                           V         V         V     
     Eigenvalues --    -4.85162  -4.70437  -4.39766  
   1   1 C  1S          0.00490  -0.00428   0.00376  
   2        1PZ         0.20501  -0.01682   0.15830  
   3        1PX        -0.32698   0.01411  -0.25359  
   4        1PY        -0.07017   0.00387  -0.05330  
   5   2 C  1S          0.02057  -0.00393   0.01359  
   6        1PZ        -0.17879   0.01122  -0.10564  
   7        1PX         0.34197  -0.03150   0.21252  
   8        1PY         0.08409  -0.01636   0.05369  
   9   3 C  1S         -0.00630   0.00957  -0.00507  
  10        1PZ         0.11778   0.00153   0.09899  
  11        1PX        -0.20276   0.02112  -0.17766  
  12        1PY        -0.04170   0.00604  -0.03316  
  13   4 C  1S          0.00129  -0.00047  -0.00056  
  14        1PZ        -0.05414  -0.00110  -0.13864  
  15        1PX         0.09684  -0.00134   0.24197  
  16        1PY         0.01789  -0.00026   0.04028  
  17   5 C  1S         -0.00022   0.00054  -0.00160  
  18        1PZ        -0.01190   0.00957   0.24130  
  19        1PX         0.02557  -0.01602  -0.41107  
  20        1PY         0.00139  -0.00224  -0.07507  
  21   6 C  1S          0.00180  -0.00088   0.00363  
  22        1PZ        -0.12306   0.00006  -0.19243  
  23        1PX         0.21104  -0.00243   0.33177  
  24        1PY         0.04279  -0.00204   0.06136  
  25   7 N  1S          0.03162   0.03325   0.01145  
  26        1PZ         0.13852  -0.03332   0.06940  
  27        1PX        -0.11720   0.02128  -0.05217  
  28        1PY        -0.03043   0.06766  -0.01031  
  29   8 N  1S         -0.03746  -0.01958  -0.01958  
  30        1PZ        -0.05359   0.03015  -0.01702  
  31        1PX         0.04172  -0.00670   0.02226  
  32        1PY         0.01815  -0.18714   0.01434  
  33   9 C  1S          0.00080  -0.02777   0.00100  
  34        1PZ         0.00551   0.02218   0.00141  
  35        1PX        -0.00054   0.14925  -0.00693  
  36        1PY         0.02447   0.37988  -0.00722  
  37  10 C  1S          0.00374  -0.00404   0.00156  
  38        1PZ        -0.00643  -0.02017  -0.00132  
  39        1PX        -0.01412  -0.09708  -0.00107  
  40        1PY        -0.03309  -0.35245   0.00293  
  41  11 C  1S          0.00068  -0.00168   0.00033  
  42        1PZ         0.00286   0.01383   0.00075  
  43        1PX         0.00875   0.07712  -0.00020  
  44        1PY         0.03423   0.23202   0.00349  
  45  12 C  1S         -0.00059  -0.00293  -0.00004  
  46        1PZ        -0.00115   0.00243  -0.00064  
  47        1PX        -0.00511  -0.01745  -0.00208  
  48        1PY        -0.01688  -0.02746  -0.00946  
  49  13 C  1S          0.00043  -0.00467   0.00057  
  50        1PZ         0.00049   0.01182  -0.00010  
  51        1PX         0.00527   0.05479  -0.00020  
  52        1PY         0.02446   0.18406   0.00277  
  53  14 C  1S         -0.00846   0.00805  -0.00404  
  54        1PZ         0.00289  -0.01849   0.00371  
  55        1PX         0.00417  -0.08704   0.00552  
  56        1PY        -0.02661  -0.29436   0.00165  
  57  15 C  1S          0.00060   0.00606  -0.00019  
  58        1PZ        -0.00674  -0.07918   0.00278  
  59        1PX        -0.00946  -0.10827   0.00361  
  60        1PY        -0.03810  -0.44022   0.01458  
  61  16 O  1S          0.00119   0.01091  -0.00018  
  62        1PZ         0.00612   0.06038  -0.00140  
  63        1PX         0.00939   0.09698  -0.00273  
  64        1PY         0.03670   0.37774  -0.01014  
  65  17 C  1S          0.00052  -0.00026   0.00023  
  66        1PZ         0.24230  -0.02286  -0.22032  
  67        1PX        -0.42306   0.03958   0.38857  
  68        1PY        -0.06757   0.00621   0.06022  
  69  18 O  1S          0.00034   0.00004   0.00084  
  70        1PZ        -0.21185   0.01781   0.14191  
  71        1PX         0.37064  -0.03088  -0.24299  
  72        1PY         0.05909  -0.00476  -0.03846  
  73  19 O  1S         -0.00098   0.00039  -0.00200  
  74        1PZ        -0.13840   0.01166   0.09545  
  75        1PX         0.24309  -0.02051  -0.16362  
  76        1PY         0.03804  -0.00319  -0.02848  
  77  20 O  1S         -0.00003   0.00201  -0.00021  
  78        1PZ         0.00603   0.06090  -0.00146  
  79        1PX         0.00712   0.07177  -0.00182  
  80        1PY         0.02657   0.27393  -0.00742  
  81  21 C  1S          0.00032   0.00325  -0.00007  
  82        1PZ        -0.00046  -0.00464   0.00015  
  83        1PX         0.00014   0.00056   0.00007  
  84        1PY         0.00110   0.01073  -0.00021  
  85  22 C  1S          0.00047   0.00622  -0.00047  
  86        1PZ         0.00185   0.02297  -0.00116  
  87        1PX         0.00049   0.00596  -0.00007  
  88        1PY         0.00107   0.01080  -0.00048  
  89  23 O  1S         -0.00314  -0.03327   0.00142  
  90        1PZ         0.00024   0.00504  -0.00032  
  91        1PX         0.00228   0.01904  -0.00075  
  92        1PY         0.00052   0.00612  -0.00049  
  93  24 C  1S          0.00093   0.00671  -0.00009  
  94        1PZ        -0.00214  -0.01940   0.00078  
  95        1PX         0.00044   0.01196  -0.00090  
  96        1PY         0.00110   0.01186  -0.00053  
  97  25 C  1S          0.00198   0.00151   0.00071  
  98        1PZ        -0.00072   0.00258   0.00035  
  99        1PX        -0.00113   0.00120  -0.00035  
 100        1PY         0.00442   0.00412   0.00359  
 101  26 H  1S          0.00134   0.00413   0.00026  
 102  27 H  1S         -0.00139  -0.00104  -0.00215  
 103  28 H  1S         -0.00051   0.00288  -0.00041  
 104  29 H  1S         -0.00134   0.00191   0.00011  
 105  30 H  1S         -0.00457   0.00078  -0.00234  
 106  31 H  1S         -0.00279  -0.00064  -0.00064  
 107  32 H  1S          0.00154   0.00439   0.00083  
 108  33 H  1S          0.00219  -0.00097   0.00210  
 109  34 H  1S          0.00034   0.00222   0.00002  
 110  35 H  1S          0.00026  -0.00023   0.00130  
 111  36 H  1S         -0.00004  -0.00070   0.00004  
 112  37 H  1S          0.00049   0.00545  -0.00021  
 113  38 H  1S         -0.00064  -0.00697   0.00025  
 114  39 H  1S          0.00001   0.00070  -0.00000  
 115  40 H  1S          0.00026   0.00325  -0.00020  
 116  41 H  1S          0.00075   0.00244   0.00037  
 117  42 H  1S         -0.00024  -0.00091  -0.00028  
 118  43 H  1S         -0.00267  -0.00490  -0.00207  
 119  44 H  1S          0.00033  -0.00025   0.00138  
 120  45 H  1S          0.00115   0.00454   0.00012  
 121  46 C  1S          0.00042  -0.00010  -0.00123  
 122        1PZ        -0.00232   0.00034   0.00427  
 123        1PX         0.00103  -0.00020   0.00032  
 124        1PY        -0.00019  -0.00010  -0.00931  
 125  47 C  1S          0.00030   0.00003   0.01140  
 126        1PZ         0.00015   0.00002   0.00224  
 127        1PX        -0.00041   0.00013   0.02416  
 128        1PY         0.00369   0.00007   0.04613  
 129  48 O  1S         -0.00446  -0.00027  -0.05461  
 130        1PZ        -0.00009  -0.00001  -0.01261  
 131        1PX         0.00374   0.00019   0.05197  
 132        1PY         0.00028  -0.00014  -0.00115  
 133  49 C  1S         -0.00130  -0.00016   0.01016  
 134        1PZ         0.00075   0.00012  -0.01168  
 135        1PX        -0.00282  -0.00022   0.01719  
 136        1PY        -0.00883  -0.00068  -0.05176  
 137  50 C  1S         -0.00047  -0.00004  -0.00126  
 138        1PZ         0.00117   0.00005  -0.00300  
 139        1PX         0.00019  -0.00007  -0.00155  
 140        1PY         0.00178   0.00012   0.01074  
 141  51 H  1S          0.00079  -0.00003   0.00671  
 142  52 H  1S         -0.00033  -0.00004  -0.00326  
 143  53 H  1S         -0.00093   0.00015  -0.00261  
 144  54 H  1S          0.00032   0.00000   0.00041  
 145  55 H  1S          0.00033  -0.00005   0.00600  
 146  56 H  1S          0.00277   0.00026   0.00281  
 147  57 H  1S         -0.00018  -0.00006   0.00560  
 148  58 H  1S          0.00114   0.00008   0.00805  
 149  59 H  1S         -0.00140  -0.00010  -0.00455  
 150  60 H  1S          0.00004   0.00003  -0.00374  
